1 0.997378 -2.658562e-02 0.067320 -1.666421e+03 -0.069423 -8.827610e-02 0.993674 -1.973146e+03 -0.020474 -9.957414e-01 -0.089889 1.182260e+02 0.000000 0 0.000000 1 
2 0.996548 -2.781538e-02 0.078222 -1.666364e+03 -0.080423 -8.958305e-02 0.992727 -1.972774e+03 -0.020605 -9.955911e-01 -0.091510 1.182310e+02 0.000000 0 0.000000 1 
3 0.995432 -2.763540e-02 0.091390 -1.666302e+03 -0.093513 -8.905883e-02 0.991627 -1.972404e+03 -0.019265 -9.956431e-01 -0.091235 1.182369e+02 0.000000 0 0.000000 1 
4 0.993870 -2.705130e-02 0.107204 -1.666232e+03 -0.109193 -8.792672e-02 0.990124 -1.972034e+03 -0.017358 -9.957598e-01 -0.090341 1.182402e+02 0.000000 0 0.000000 1 
5 0.991686 -2.735763e-02 0.125741 -1.666150e+03 -0.127670 -8.685010e-02 0.988007 -1.971664e+03 -0.016109 -9.958459e-01 -0.089620 1.182424e+02 0.000000 0 0.000000 1 
6 0.988939 -3.055221e-02 0.145144 -1.666054e+03 -0.147277 -8.614897e-02 0.985336 -1.971292e+03 -0.017600 -9.958139e-01 -0.089695 1.182463e+02 0.000000 0 0.000000 1 
7 0.985983 -3.061236e-02 0.164018 -1.665953e+03 -0.166073 -8.534149e-02 0.982413 -1.970921e+03 -0.016076 -9.958816e-01 -0.089228 1.182507e+02 0.000000 0 0.000000 1 
8 0.982595 -3.103757e-02 0.183152 -1.665848e+03 -0.185153 -8.376842e-02 0.979133 -1.970547e+03 -0.015047 -9.960020e-01 -0.088056 1.182549e+02 0.000000 0 0.000000 1 
9 0.978784 -3.247678e-02 0.202307 -1.665729e+03 -0.204331 -8.138890e-02 0.975512 -1.970171e+03 -0.015216 -9.961534e-01 -0.086297 1.182593e+02 0.000000 0 0.000000 1 
10 0.974616 -3.445332e-02 0.221218 -1.665600e+03 -0.223326 -7.985544e-02 0.971467 -1.969791e+03 -0.015805 -9.962111e-01 -0.085522 1.182632e+02 0.000000 0 0.000000 1 
11 0.970153 -3.682508e-02 0.239683 -1.665462e+03 -0.241924 -7.920655e-02 0.967057 -1.969403e+03 -0.016627 -9.961780e-01 -0.085751 1.182664e+02 0.000000 0 0.000000 1 
12 0.965365 -3.959209e-02 0.257884 -1.665314e+03 -0.260310 -7.945132e-02 0.962250 -1.969008e+03 -0.017608 -9.960524e-01 -0.087005 1.182694e+02 0.000000 0 0.000000 1 
13 0.960250 -4.527138e-02 0.275447 -1.665149e+03 -0.278308 -7.902062e-02 0.957236 -1.968610e+03 -0.021569 -9.958447e-01 -0.088478 1.182717e+02 0.000000 0 0.000000 1 
14 0.955094 -4.467451e-02 0.292916 -1.664987e+03 -0.295682 -7.968224e-02 0.951957 -1.968204e+03 -0.019188 -9.958190e-01 -0.089313 1.182735e+02 0.000000 0 0.000000 1 
15 0.949692 -4.508513e-02 0.309924 -1.664815e+03 -0.312677 -8.003985e-02 0.946481 -1.967792e+03 -0.017866 -9.957718e-01 -0.090109 1.182784e+02 0.000000 0 0.000000 1 
16 0.943954 -4.526670e-02 0.326960 -1.664633e+03 -0.329680 -8.063287e-02 0.940643 -1.967375e+03 -0.016216 -9.957157e-01 -0.091036 1.182845e+02 0.000000 0 0.000000 1 
17 0.937766 -4.481021e-02 0.344367 -1.664441e+03 -0.346978 -8.021053e-02 0.934437 -1.966955e+03 -0.014250 -9.957704e-01 -0.090766 1.182894e+02 0.000000 0 0.000000 1 
18 0.931192 -4.490411e-02 0.361754 -1.664237e+03 -0.364282 -7.805251e-02 0.928012 -1.966534e+03 -0.013435 -9.959377e-01 -0.089039 1.182921e+02 0.000000 0 0.000000 1 
19 0.924309 -4.706372e-02 0.378732 -1.664015e+03 -0.381355 -7.519153e-02 0.921365 -1.966111e+03 -0.014885 -9.960581e-01 -0.087447 1.182927e+02 0.000000 0 0.000000 1 
20 0.916864 -5.020330e-02 0.396030 -1.663780e+03 -0.398832 -7.259655e-02 0.914146 -1.965684e+03 -0.017142 -9.960973e-01 -0.086583 1.182942e+02 0.000000 0 0.000000 1 
21 0.908965 -5.357337e-02 0.413416 -1.663534e+03 -0.416467 -7.296799e-02 0.906218 -1.965248e+03 -0.018383 -9.958946e-01 -0.088636 1.182966e+02 0.000000 0 0.000000 1 
22 0.900952 -5.560456e-02 0.430342 -1.663279e+03 -0.433576 -7.589937e-02 0.897915 -1.964806e+03 -0.017265 -9.955641e-01 -0.092490 1.182978e+02 0.000000 0 0.000000 1 
23 0.892569 -5.712206e-02 0.447279 -1.663013e+03 -0.450662 -7.994724e-02 0.889108 -1.964358e+03 -0.015029 -9.951613e-01 -0.097100 1.182971e+02 0.000000 0 0.000000 1 
24 0.884451 -5.765919e-02 0.463058 -1.662739e+03 -0.466461 -8.223667e-02 0.880711 -1.963911e+03 -0.012700 -9.949437e-01 -0.099629 1.182981e+02 0.000000 0 0.000000 1 
25 0.877236 -6.010661e-02 0.476283 -1.662452e+03 -0.479880 -8.257103e-02 0.873439 -1.963464e+03 -0.013172 -9.947712e-01 -0.101277 1.182989e+02 0.000000 0 0.000000 1 
26 0.871182 -6.432585e-02 0.486728 -1.662153e+03 -0.490700 -8.176510e-02 0.867484 -1.963016e+03 -0.016004 -9.945738e-01 -0.102796 1.182976e+02 0.000000 0 0.000000 1 
27 0.866491 -6.611014e-02 0.494797 -1.661851e+03 -0.498929 -8.240991e-02 0.862715 -1.962559e+03 -0.016258 -9.944036e-01 -0.104391 1.182898e+02 0.000000 0 0.000000 1 
28 0.862032 -6.708447e-02 0.502396 -1.661544e+03 -0.506627 -8.428337e-02 0.858036 -1.962094e+03 -0.015217 -9.941813e-01 -0.106641 1.182820e+02 0.000000 0 0.000000 1 
29 0.857326 -6.672286e-02 0.510433 -1.661231e+03 -0.514612 -8.608796e-02 0.853091 -1.961622e+03 -0.012978 -9.940510e-01 -0.108141 1.182780e+02 0.000000 0 0.000000 1 
30 0.852948 -6.784183e-02 0.517569 -1.660906e+03 -0.521859 -8.803785e-02 0.848477 -1.961146e+03 -0.011996 -9.938044e-01 -0.110495 1.182735e+02 0.000000 0 0.000000 1 
31 0.849443 -6.843234e-02 0.523226 -1.660574e+03 -0.527524 -8.587501e-02 0.845189 -1.960672e+03 -0.012906 -9.939532e-01 -0.109045 1.182700e+02 0.000000 0 0.000000 1 
32 0.846945 -6.791639e-02 0.527326 -1.660239e+03 -0.531505 -8.256946e-02 0.843021 -1.960192e+03 -0.013714 -9.942686e-01 -0.106029 1.182635e+02 0.000000 0 0.000000 1 
33 0.845353 -6.689000e-02 0.530004 -1.659898e+03 -0.534028 -8.003842e-02 0.841670 -1.959703e+03 -0.013878 -9.945451e-01 -0.103381 1.182572e+02 0.000000 0 0.000000 1 
34 0.844117 -6.674160e-02 0.531990 -1.659548e+03 -0.535971 -7.862064e-02 0.840568 -1.959203e+03 -0.014275 -9.946682e-01 -0.102136 1.182519e+02 0.000000 0 0.000000 1 
35 0.843072 -6.728466e-02 0.533576 -1.659193e+03 -0.537596 -7.799799e-02 0.839587 -1.958696e+03 -0.014873 -9.946806e-01 -0.101929 1.182486e+02 0.000000 0 0.000000 1 
36 0.842461 -6.765612e-02 0.534494 -1.658835e+03 -0.538531 -7.691158e-02 0.839088 -1.958181e+03 -0.015660 -9.947400e-01 -0.101229 1.182476e+02 0.000000 0 0.000000 1 
37 0.842421 -6.817127e-02 0.534491 -1.658470e+03 -0.538572 -7.636579e-02 0.839111 -1.957659e+03 -0.016386 -9.947469e-01 -0.101046 1.182455e+02 0.000000 0 0.000000 1 
38 0.842732 -6.875406e-02 0.533925 -1.658103e+03 -0.538048 -7.524033e-02 0.839549 -1.957132e+03 -0.017549 -9.947926e-01 -0.100400 1.182438e+02 0.000000 0 0.000000 1 
39 0.843493 -6.878253e-02 0.532719 -1.657734e+03 -0.536853 -7.546238e-02 0.840294 -1.956594e+03 -0.017597 -9.947738e-01 -0.100577 1.182395e+02 0.000000 0 0.000000 1 
40 0.844612 -6.926530e-02 0.530881 -1.657363e+03 -0.535072 -7.555408e-02 0.841421 -1.956052e+03 -0.018171 -9.947333e-01 -0.100875 1.182384e+02 0.000000 0 0.000000 1 
41 0.845930 -6.989214e-02 0.528695 -1.656989e+03 -0.532956 -7.544491e-02 0.842773 -1.955504e+03 -0.019016 -9.946978e-01 -0.101070 1.182370e+02 0.000000 0 0.000000 1 
42 0.847242 -7.024674e-02 0.526542 -1.656613e+03 -0.530834 -7.482417e-02 0.844166 -1.954950e+03 -0.019902 -9.947197e-01 -0.100683 1.182364e+02 0.000000 0 0.000000 1 
43 0.848847 -6.966034e-02 0.524029 -1.656237e+03 -0.528271 -7.481109e-02 0.845773 -1.954389e+03 -0.019713 -9.947619e-01 -0.100302 1.182338e+02 0.000000 0 0.000000 1 
44 0.850555 -7.008626e-02 0.521196 -1.655858e+03 -0.525468 -7.366529e-02 0.847618 -1.953821e+03 -0.021012 -9.948175e-01 -0.099484 1.182321e+02 0.000000 0 0.000000 1 
45 0.852539 -7.125254e-02 0.517784 -1.655475e+03 -0.522196 -7.420996e-02 0.849590 -1.953244e+03 -0.022110 -9.946941e-01 -0.100474 1.182279e+02 0.000000 0 0.000000 1 
46 0.854532 -7.094357e-02 0.514531 -1.655092e+03 -0.518966 -7.615906e-02 0.851396 -1.952655e+03 -0.021215 -9.945689e-01 -0.101897 1.182253e+02 0.000000 0 0.000000 1 
47 0.856275 -6.962518e-02 0.511806 -1.654709e+03 -0.516141 -7.737412e-02 0.853001 -1.952058e+03 -0.019790 -9.945683e-01 -0.102189 1.182247e+02 0.000000 0 0.000000 1 
48 0.857916 -6.872248e-02 0.509174 -1.654322e+03 -0.513452 -7.868951e-02 0.854503 -1.951455e+03 -0.018657 -9.945278e-01 -0.102794 1.182216e+02 0.000000 0 0.000000 1 
49 0.859062 -6.815135e-02 0.507314 -1.653931e+03 -0.511554 -7.937772e-02 0.855577 -1.950848e+03 -0.018039 -9.945125e-01 -0.103053 1.182165e+02 0.000000 0 0.000000 1 
50 0.859317 -6.764623e-02 0.506950 -1.653538e+03 -0.511176 -8.154743e-02 0.855598 -1.950232e+03 -0.016537 -9.943714e-01 -0.104653 1.182091e+02 0.000000 0 0.000000 1 
51 0.859106 -6.661577e-02 0.507444 -1.653142e+03 -0.511579 -8.276612e-02 0.855241 -1.949615e+03 -0.014973 -9.943403e-01 -0.105183 1.182061e+02 0.000000 0 0.000000 1 
52 0.858728 -6.576520e-02 0.508195 -1.652741e+03 -0.512231 -8.233743e-02 0.854892 -1.948998e+03 -0.014378 -9.944325e-01 -0.104392 1.182059e+02 0.000000 0 0.000000 1 
53 0.858214 -6.498459e-02 0.509162 -1.652336e+03 -0.513102 -8.159503e-02 0.854440 -1.948375e+03 -0.013980 -9.945450e-01 -0.103369 1.182022e+02 0.000000 0 0.000000 1 
54 0.857630 -6.454790e-02 0.510201 -1.651928e+03 -0.514061 -7.941530e-02 0.854070 -1.947754e+03 -0.014610 -9.947498e-01 -0.101290 1.181993e+02 0.000000 0 0.000000 1 
55 0.857105 -6.365642e-02 0.511195 -1.651519e+03 -0.514954 -7.897614e-02 0.853572 -1.947128e+03 -0.013963 -9.948422e-01 -0.100470 1.181979e+02 0.000000 0 0.000000 1 
56 0.856428 -6.315426e-02 0.512390 -1.651108e+03 -0.516102 -7.962771e-02 0.852818 -1.946499e+03 -0.013058 -9.948223e-01 -0.100789 1.181949e+02 0.000000 0 0.000000 1 
57 0.855797 -6.342898e-02 0.513409 -1.650695e+03 -0.517166 -8.130158e-02 0.852015 -1.945867e+03 -0.012301 -9.946694e-01 -0.102380 1.181913e+02 0.000000 0 0.000000 1 
58 0.855028 -6.573079e-02 0.514399 -1.650275e+03 -0.518394 -8.160742e-02 0.851239 -1.945238e+03 -0.013973 -9.944949e-01 -0.103850 1.181897e+02 0.000000 0 0.000000 1 
59 0.854346 -6.553956e-02 0.515556 -1.649858e+03 -0.519517 -8.098208e-02 0.850614 -1.944608e+03 -0.013998 -9.945587e-01 -0.103235 1.181904e+02 0.000000 0 0.000000 1 
60 0.853573 -6.688522e-02 0.516663 -1.649437e+03 -0.520741 -7.990296e-02 0.849967 -1.943978e+03 -0.015567 -9.945564e-01 -0.103032 1.181895e+02 0.000000 0 0.000000 1 
61 0.853112 -6.857994e-02 0.517202 -1.649013e+03 -0.521443 -7.926688e-02 0.849596 -1.943346e+03 -0.017268 -9.944918e-01 -0.103383 1.181855e+02 0.000000 0 0.000000 1 
62 0.852695 -7.190716e-02 0.517438 -1.648584e+03 -0.522067 -8.139697e-02 0.849011 -1.942710e+03 -0.018932 -9.940847e-01 -0.106946 1.181798e+02 0.000000 0 0.000000 1 
63 0.852392 -7.341450e-02 0.517725 -1.648158e+03 -0.522492 -8.028692e-02 0.848855 -1.942077e+03 -0.020751 -9.940648e-01 -0.106794 1.181797e+02 0.000000 0 0.000000 1 
64 0.852276 -7.279441e-02 0.518004 -1.647734e+03 -0.522642 -7.735606e-02 0.849035 -1.941446e+03 -0.021734 -9.943427e-01 -0.103973 1.181805e+02 0.000000 0 0.000000 1 
65 0.851960 -7.100615e-02 0.518770 -1.647309e+03 -0.523121 -7.271613e-02 0.849151 -1.940814e+03 -0.022572 -9.948221e-01 -0.099095 1.181804e+02 0.000000 0 0.000000 1 
66 0.851682 -6.976968e-02 0.519394 -1.646882e+03 -0.523606 -7.207594e-02 0.848906 -1.940174e+03 -0.021792 -9.949561e-01 -0.097917 1.181749e+02 0.000000 0 0.000000 1 
67 0.851378 -7.098801e-02 0.519728 -1.646449e+03 -0.524139 -7.571018e-02 0.848261 -1.939526e+03 -0.020867 -9.946000e-01 -0.101665 1.181722e+02 0.000000 0 0.000000 1 
68 0.850976 -7.274878e-02 0.520143 -1.646015e+03 -0.524791 -7.839282e-02 0.847614 -1.938877e+03 -0.020887 -9.942649e-01 -0.104887 1.181727e+02 0.000000 0 0.000000 1 
69 0.850713 -7.260466e-02 0.520592 -1.645580e+03 -0.525235 -7.899761e-02 0.847282 -1.938230e+03 -0.020391 -9.942275e-01 -0.105338 1.181718e+02 0.000000 0 0.000000 1 
70 0.850406 -7.076527e-02 0.521348 -1.645147e+03 -0.525789 -7.870865e-02 0.846966 -1.937581e+03 -0.018901 -9.943831e-01 -0.104141 1.181678e+02 0.000000 0 0.000000 1 
71 0.850086 -6.988167e-02 0.521988 -1.644712e+03 -0.526365 -8.036756e-02 0.846452 -1.936929e+03 -0.017200 -9.943129e-01 -0.105102 1.181615e+02 0.000000 0 0.000000 1 
72 0.849723 -7.130364e-02 0.522386 -1.644272e+03 -0.526939 -8.194378e-02 0.845943 -1.936274e+03 -0.017512 -9.940832e-01 -0.107201 1.181587e+02 0.000000 0 0.000000 1 
73 0.849397 -7.247586e-02 0.522756 -1.643825e+03 -0.527442 -8.240351e-02 0.845585 -1.935618e+03 -0.018207 -9.939604e-01 -0.108219 1.181550e+02 0.000000 0 0.000000 1 
74 0.849096 -7.111619e-02 0.523430 -1.643382e+03 -0.527946 -8.124698e-02 0.845383 -1.934962e+03 -0.017593 -9.941539e-01 -0.106531 1.181518e+02 0.000000 0 0.000000 1 
75 0.848912 -6.845165e-02 0.524084 -1.642941e+03 -0.528237 -7.655838e-02 0.845638 -1.934312e+03 -0.017762 -9.947128e-01 -0.101149 1.181522e+02 0.000000 0 0.000000 1 
76 0.849193 -6.598559e-02 0.523945 -1.642498e+03 -0.527745 -7.050897e-02 0.846471 -1.933661e+03 -0.018912 -9.953265e-01 -0.094698 1.181556e+02 0.000000 0 0.000000 1 
77 0.849923 -6.554416e-02 0.522816 -1.642051e+03 -0.526471 -6.521755e-02 0.847688 -1.933007e+03 -0.021464 -9.957164e-01 -0.089936 1.181593e+02 0.000000 0 0.000000 1 
78 0.850927 -6.484401e-02 0.521267 -1.641605e+03 -0.524851 -6.461569e-02 0.848738 -1.932345e+03 -0.021353 -9.958015e-01 -0.089016 1.181644e+02 0.000000 0 0.000000 1 
79 0.851924 -6.517894e-02 0.519594 -1.641160e+03 -0.523314 -6.959049e-02 0.849293 -1.931669e+03 -0.019197 -9.954443e-01 -0.093394 1.181673e+02 0.000000 0 0.000000 1 
80 0.852846 -6.709469e-02 0.517835 -1.640710e+03 -0.521829 -7.397003e-02 0.849837 -1.930989e+03 -0.018715 -9.950011e-01 -0.098096 1.181706e+02 0.000000 0 0.000000 1 
81 0.853786 -6.899452e-02 0.516033 -1.640263e+03 -0.520308 -7.849709e-02 0.850363 -1.930307e+03 -0.018163 -9.945242e-01 -0.102917 1.181696e+02 0.000000 0 0.000000 1 
82 0.854459 -6.890912e-02 0.514929 -1.639817e+03 -0.519239 -8.067581e-02 0.850813 -1.929624e+03 -0.017086 -9.943558e-01 -0.104714 1.181694e+02 0.000000 0 0.000000 1 
83 0.855070 -6.778230e-02 0.514064 -1.639372e+03 -0.518269 -8.126927e-02 0.851347 -1.928942e+03 -0.015928 -9.943849e-01 -0.104620 1.181663e+02 0.000000 0 0.000000 1 
84 0.855712 -6.666752e-02 0.513141 -1.638926e+03 -0.517226 -8.078228e-02 0.852028 -1.928258e+03 -0.015350 -9.944999e-01 -0.103608 1.181617e+02 0.000000 0 0.000000 1 
85 0.856178 -6.680638e-02 0.512345 -1.638476e+03 -0.516458 -8.145431e-02 0.852430 -1.927571e+03 -0.015215 -9.944358e-01 -0.104241 1.181555e+02 0.000000 0 0.000000 1 
86 0.855824 -6.416945e-02 0.513273 -1.638028e+03 -0.517139 -8.388211e-02 0.851781 -1.926879e+03 -0.011604 -9.944076e-01 -0.104972 1.181509e+02 0.000000 0 0.000000 1 
87 0.854323 -5.939296e-02 0.516338 -1.637580e+03 -0.519697 -8.443422e-02 0.850168 -1.926186e+03 -0.006897 -9.946576e-01 -0.103000 1.181526e+02 0.000000 0 0.000000 1 
88 0.852652 -5.869813e-02 0.519172 -1.637121e+03 -0.522422 -8.104416e-02 0.848827 -1.925498e+03 -0.007748 -9.949808e-01 -0.099767 1.181518e+02 0.000000 0 0.000000 1 
89 0.851325 -5.945265e-02 0.521260 -1.636652e+03 -0.524556 -7.872562e-02 0.847728 -1.924808e+03 -0.009363 -9.951222e-01 -0.098207 1.181497e+02 0.000000 0 0.000000 1 
90 0.849819 -6.181114e-02 0.523439 -1.636180e+03 -0.527010 -8.399202e-02 0.845698 -1.924105e+03 -0.008309 -9.945477e-01 -0.103952 1.181421e+02 0.000000 0 0.000000 1 
91 0.848465 -6.442016e-02 0.525317 -1.635703e+03 -0.529173 -8.609215e-02 0.844135 -1.923403e+03 -0.009153 -9.942025e-01 -0.107135 1.181446e+02 0.000000 0 0.000000 1 
92 0.847527 -6.562547e-02 0.526680 -1.635225e+03 -0.530662 -8.641685e-02 0.843166 -1.922702e+03 -0.009819 -9.940955e-01 -0.108065 1.181403e+02 0.000000 0 0.000000 1 
93 0.846566 -6.407227e-02 0.528414 -1.634747e+03 -0.532189 -8.303680e-02 0.842543 -1.922007e+03 -0.010106 -9.944848e-01 -0.104394 1.181359e+02 0.000000 0 0.000000 1 
94 0.845577 -6.362360e-02 0.530050 -1.634264e+03 -0.533764 -8.246617e-02 0.841602 -1.921306e+03 -0.009834 -9.945611e-01 -0.103691 1.181315e+02 0.000000 0 0.000000 1 
95 0.844539 -6.262871e-02 0.531820 -1.633782e+03 -0.535436 -8.395932e-02 0.840392 -1.920601e+03 -0.007981 -9.944993e-01 -0.104440 1.181285e+02 0.000000 0 0.000000 1 
96 0.843607 -6.151589e-02 0.533427 -1.633297e+03 -0.536928 -8.533931e-02 0.839301 -1.919893e+03 -0.006108 -9.944513e-01 -0.105022 1.181242e+02 0.000000 0 0.000000 1 
97 0.842928 -6.178660e-02 0.534467 -1.632808e+03 -0.537993 -8.566559e-02 0.838585 -1.919186e+03 -0.006028 -9.944065e-01 -0.105450 1.181207e+02 0.000000 0 0.000000 1 
98 0.842371 -6.143472e-02 0.535386 -1.632315e+03 -0.538865 -8.478893e-02 0.838114 -1.918478e+03 -0.006094 -9.945034e-01 -0.104528 1.181166e+02 0.000000 0 0.000000 1 
99 0.841836 -6.142629e-02 0.536227 -1.631821e+03 -0.539699 -8.448751e-02 0.837608 -1.917770e+03 -0.006146 -9.945296e-01 -0.104276 1.181129e+02 0.000000 0 0.000000 1 
100 0.841199 -6.198316e-02 0.537162 -1.631323e+03 -0.540686 -8.431817e-02 0.836988 -1.917059e+03 -0.006586 -9.945094e-01 -0.104441 1.181095e+02 0.000000 0 0.000000 1 
101 0.840754 -6.102838e-02 0.537968 -1.630824e+03 -0.541386 -8.390169e-02 0.836577 -1.916348e+03 -0.005918 -9.946037e-01 -0.103580 1.181087e+02 0.000000 0 0.000000 1 
102 0.840212 -6.065137e-02 0.538856 -1.630323e+03 -0.542229 -8.354181e-02 0.836067 -1.915628e+03 -0.005691 -9.946570e-01 -0.103079 1.181068e+02 0.000000 0 0.000000 1 
103 0.839825 -6.169009e-02 0.539341 -1.629814e+03 -0.542815 -8.292008e-02 0.835749 -1.914908e+03 -0.006835 -9.946452e-01 -0.103124 1.181028e+02 0.000000 0 0.000000 1 
104 0.839409 -6.321137e-02 0.539813 -1.629303e+03 -0.543440 -8.269018e-02 0.835365 -1.914186e+03 -0.008167 -9.945688e-01 -0.103762 1.181018e+02 0.000000 0 0.000000 1 
105 0.838842 -6.737029e-02 0.540191 -1.628786e+03 -0.544257 -8.302052e-02 0.834801 -1.913459e+03 -0.011394 -9.942682e-01 -0.106307 1.180980e+02 0.000000 0 0.000000 1 
106 0.838601 -6.737048e-02 0.540564 -1.628271e+03 -0.544630 -8.317902e-02 0.834541 -1.912730e+03 -0.011260 -9.942550e-01 -0.106445 1.180953e+02 0.000000 0 0.000000 1 
107 0.838198 -6.608302e-02 0.541348 -1.627758e+03 -0.545244 -8.048049e-02 0.834405 -1.912004e+03 -0.011572 -9.945634e-01 -0.103489 1.180970e+02 0.000000 0 0.000000 1 
108 0.838180 -6.602226e-02 0.541383 -1.627238e+03 -0.545223 -7.659507e-02 0.834784 -1.911277e+03 -0.013647 -9.948742e-01 -0.100197 1.180954e+02 0.000000 0 0.000000 1 
109 0.838259 -6.610190e-02 0.541252 -1.626719e+03 -0.545112 -7.741737e-02 0.834781 -1.910539e+03 -0.013278 -9.948053e-01 -0.100928 1.180891e+02 0.000000 0 0.000000 1 
110 0.838075 -6.771320e-02 0.541337 -1.626196e+03 -0.545427 -8.246909e-02 0.834091 -1.909790e+03 -0.011835 -9.942908e-01 -0.106047 1.180833e+02 0.000000 0 0.000000 1 
111 0.838001 -6.860714e-02 0.541340 -1.625673e+03 -0.545556 -8.507572e-02 0.833745 -1.909043e+03 -0.011146 -9.940099e-01 -0.108722 1.180801e+02 0.000000 0 0.000000 1 
112 0.837939 -6.625117e-02 0.541729 -1.625153e+03 -0.545654 -8.160173e-02 0.834028 -1.908303e+03 -0.011049 -9.944609e-01 -0.104527 1.180784e+02 0.000000 0 0.000000 1 
113 0.837924 -6.399493e-02 0.542023 -1.624630e+03 -0.545689 -7.924173e-02 0.834233 -1.907559e+03 -0.010436 -9.947994e-01 -0.101319 1.180728e+02 0.000000 0 0.000000 1 
114 0.837588 -6.553939e-02 0.542357 -1.624099e+03 -0.546188 -8.005168e-02 0.833829 -1.906808e+03 -0.011232 -9.946340e-01 -0.102846 1.180676e+02 0.000000 0 0.000000 1 
115 0.837315 -7.050682e-02 0.542156 -1.623560e+03 -0.546557 -8.366398e-02 0.833232 -1.906050e+03 -0.013389 -9.939968e-01 -0.108588 1.180615e+02 0.000000 0 0.000000 1 
116 0.837095 -7.056871e-02 0.542487 -1.623028e+03 -0.546904 -8.442780e-02 0.832927 -1.905296e+03 -0.012977 -9.939278e-01 -0.109268 1.180586e+02 0.000000 0 0.000000 1 
117 0.836740 -6.615612e-02 0.543591 -1.622502e+03 -0.547465 -7.883097e-02 0.833107 -1.904553e+03 -0.012263 -9.946907e-01 -0.102178 1.180617e+02 0.000000 0 0.000000 1 
118 0.836701 -6.320211e-02 0.544001 -1.621972e+03 -0.547492 -7.194859e-02 0.833712 -1.903810e+03 -0.013552 -9.954041e-01 -0.094801 1.180602e+02 0.000000 0 0.000000 1 
119 0.836921 -6.467005e-02 0.543490 -1.621432e+03 -0.547102 -7.049810e-02 0.834092 -1.903059e+03 -0.015625 -9.954136e-01 -0.094382 1.180598e+02 0.000000 0 0.000000 1 
120 0.837058 -6.823474e-02 0.542842 -1.620891e+03 -0.546874 -7.493148e-02 0.833855 -1.902296e+03 -0.016222 -9.948516e-01 -0.100037 1.180629e+02 0.000000 0 0.000000 1 
121 0.837271 -6.983015e-02 0.542311 -1.620353e+03 -0.546523 -7.599741e-02 0.833988 -1.901535e+03 -0.017023 -9.946600e-01 -0.101793 1.180640e+02 0.000000 0 0.000000 1 
122 0.837633 -7.062838e-02 0.541648 -1.619815e+03 -0.545912 -7.424090e-02 0.834546 -1.900777e+03 -0.018730 -9.947363e-01 -0.100743 1.180625e+02 0.000000 0 0.000000 1 
123 0.837917 -7.151598e-02 0.541093 -1.619276e+03 -0.545480 -7.586803e-02 0.834683 -1.900015e+03 -0.018641 -9.945501e-01 -0.102581 1.180601e+02 0.000000 0 0.000000 1 
124 0.838134 -7.124447e-02 0.540792 -1.618739e+03 -0.545175 -7.706969e-02 0.834772 -1.899250e+03 -0.017794 -9.944772e-01 -0.103435 1.180605e+02 0.000000 0 0.000000 1 
125 0.838491 -7.050399e-02 0.540336 -1.618205e+03 -0.544646 -7.719340e-02 0.835106 -1.898486e+03 -0.017168 -9.945204e-01 -0.103125 1.180606e+02 0.000000 0 0.000000 1 
126 0.838913 -7.003033e-02 0.539742 -1.617672e+03 -0.544012 -7.760783e-02 0.835480 -1.897724e+03 -0.016621 -9.945216e-01 -0.103203 1.180574e+02 0.000000 0 0.000000 1 
127 0.839290 -7.151936e-02 0.538960 -1.617136e+03 -0.543420 -7.946982e-02 0.835691 -1.896960e+03 -0.016937 -9.942686e-01 -0.105563 1.180531e+02 0.000000 0 0.000000 1 
128 0.839720 -7.324748e-02 0.538058 -1.616599e+03 -0.542743 -8.153976e-02 0.835931 -1.896194e+03 -0.017356 -9.939751e-01 -0.108224 1.180492e+02 0.000000 0 0.000000 1 
129 0.840313 -7.322820e-02 0.537133 -1.616068e+03 -0.541827 -8.192045e-02 0.836488 -1.895431e+03 -0.017252 -9.939452e-01 -0.108515 1.180434e+02 0.000000 0 0.000000 1 
130 0.841122 -7.341425e-02 0.535840 -1.615536e+03 -0.540543 -8.097864e-02 0.837410 -1.894670e+03 -0.018086 -9.940087e-01 -0.107796 1.180383e+02 0.000000 0 0.000000 1 
131 0.842104 -7.058920e-02 0.534677 -1.615010e+03 -0.539043 -7.860583e-02 0.838602 -1.893910e+03 -0.017167 -9.944037e-01 -0.104244 1.180361e+02 0.000000 0 0.000000 1 
132 0.842784 -7.028613e-02 0.533643 -1.614483e+03 -0.537956 -7.711611e-02 0.839438 -1.893149e+03 -0.017848 -9.945418e-01 -0.102802 1.180320e+02 0.000000 0 0.000000 1 
133 0.843603 -7.065656e-02 0.532299 -1.613955e+03 -0.536672 -7.802942e-02 0.840175 -1.892386e+03 -0.017829 -9.944443e-01 -0.103744 1.180272e+02 0.000000 0 0.000000 1 
134 0.844294 -6.992165e-02 0.531300 -1.613433e+03 -0.535612 -7.871286e-02 0.840787 -1.891623e+03 -0.016969 -9.944424e-01 -0.103907 1.180293e+02 0.000000 0 0.000000 1 
135 0.845029 -6.843456e-02 0.530324 -1.612914e+03 -0.534404 -7.393285e-02 0.841989 -1.890870e+03 -0.018413 -9.949126e-01 -0.099046 1.180333e+02 0.000000 0 0.000000 1 
136 0.845908 -6.525073e-02 0.529322 -1.612399e+03 -0.533008 -6.899042e-02 0.843293 -1.890118e+03 -0.018507 -9.954814e-01 -0.093138 1.180348e+02 0.000000 0 0.000000 1 
137 0.846556 -6.348145e-02 0.528502 -1.611886e+03 -0.531989 -6.689921e-02 0.844104 -1.889365e+03 -0.018228 -9.957385e-01 -0.090405 1.180406e+02 0.000000 0 0.000000 1 
138 0.847236 -6.356879e-02 0.527400 -1.611371e+03 -0.530908 -6.741599e-02 0.844744 -1.888608e+03 -0.018144 -9.956980e-01 -0.090866 1.180511e+02 0.000000 0 0.000000 1 
139 0.847876 -6.479139e-02 0.526221 -1.610856e+03 -0.529874 -6.901896e-02 0.845263 -1.887848e+03 -0.018446 -9.955094e-01 -0.092850 1.180572e+02 0.000000 0 0.000000 1 
140 0.848463 -6.553168e-02 0.525184 -1.610343e+03 -0.528980 -7.296127e-02 0.845492 -1.887086e+03 -0.017088 -9.951797e-01 -0.096569 1.180603e+02 0.000000 0 0.000000 1 
141 0.848892 -6.824349e-02 0.524143 -1.609826e+03 -0.528279 -7.681520e-02 0.845589 -1.886324e+03 -0.017444 -9.947074e-01 -0.101259 1.180633e+02 0.000000 0 0.000000 1 
142 0.849315 -7.101678e-02 0.523089 -1.609312e+03 -0.527565 -7.954111e-02 0.845782 -1.885562e+03 -0.018457 -9.942989e-01 -0.105021 1.180615e+02 0.000000 0 0.000000 1 
143 0.849672 -7.240868e-02 0.522317 -1.608800e+03 -0.526958 -8.031969e-02 0.846087 -1.884803e+03 -0.019311 -9.941359e-01 -0.106401 1.180583e+02 0.000000 0 0.000000 1 
144 0.850206 -7.047392e-02 0.521712 -1.608295e+03 -0.526146 -8.006706e-02 0.846616 -1.884045e+03 -0.017892 -9.942953e-01 -0.105152 1.180569e+02 0.000000 0 0.000000 1 
145 0.850495 -6.931822e-02 0.521396 -1.607790e+03 -0.525681 -7.836676e-02 0.847064 -1.883287e+03 -0.017857 -9.945120e-01 -0.103089 1.180531e+02 0.000000 0 0.000000 1 
146 0.850776 -6.967250e-02 0.520890 -1.607279e+03 -0.525220 -7.871000e-02 0.847318 -1.882527e+03 -0.018035 -9.944601e-01 -0.103557 1.180473e+02 0.000000 0 0.000000 1 
147 0.850755 -6.977576e-02 0.520910 -1.606769e+03 -0.525291 -8.102973e-02 0.847056 -1.881762e+03 -0.016894 -9.942666e-01 -0.105588 1.180441e+02 0.000000 0 0.000000 1 
148 0.850647 -6.795586e-02 0.521327 -1.606262e+03 -0.525523 -8.156502e-02 0.846860 -1.880999e+03 -0.015027 -9.943488e-01 -0.105095 1.180439e+02 0.000000 0 0.000000 1 
149 0.850379 -6.578716e-02 0.522043 -1.605754e+03 -0.525982 -7.961672e-02 0.846761 -1.880239e+03 -0.014142 -9.946525e-01 -0.102306 1.180418e+02 0.000000 0 0.000000 1 
150 0.849822 -6.411472e-02 0.523157 -1.605243e+03 -0.526911 -7.891836e-02 0.846248 -1.879476e+03 -0.012970 -9.948174e-01 -0.100849 1.180398e+02 0.000000 0 0.000000 1 
151 0.849263 -6.298349e-02 0.524200 -1.604729e+03 -0.527867 -8.168521e-02 0.845390 -1.878709e+03 -0.010426 -9.946663e-01 -0.102618 1.180366e+02 0.000000 0 0.000000 1 
152 0.848704 -6.267437e-02 0.525143 -1.604213e+03 -0.528788 -8.314707e-02 0.844671 -1.877942e+03 -0.009275 -9.945647e-01 -0.103708 1.180367e+02 0.000000 0 0.000000 1 
153 0.848324 -6.227517e-02 0.525804 -1.603695e+03 -0.529422 -8.526902e-02 0.844062 -1.877174e+03 -0.007729 -9.944101e-01 -0.105305 1.180323e+02 0.000000 0 0.000000 1 
154 0.847935 -6.015669e-02 0.526677 -1.603180e+03 -0.530071 -8.542309e-02 0.843640 -1.876407e+03 -0.005760 -9.945273e-01 -0.104320 1.180302e+02 0.000000 0 0.000000 1 
155 0.847726 -5.920384e-02 0.527121 -1.602664e+03 -0.530416 -8.608513e-02 0.843355 -1.875641e+03 -0.004552 -9.945274e-01 -0.104378 1.180283e+02 0.000000 0 0.000000 1 
156 0.847751 -5.878409e-02 0.527128 -1.602145e+03 -0.530375 -8.521883e-02 0.843469 -1.874877e+03 -0.004661 -9.946269e-01 -0.103421 1.180270e+02 0.000000 0 0.000000 1 
157 0.847901 -5.953665e-02 0.526801 -1.601623e+03 -0.530134 -8.623745e-02 0.843517 -1.874111e+03 -0.004790 -9.944943e-01 -0.104682 1.180240e+02 0.000000 0 0.000000 1 
158 0.847853 -6.043284e-02 0.526777 -1.601102e+03 -0.530219 -8.944764e-02 0.843129 -1.873338e+03 -0.003833 -9.941567e-01 -0.107880 1.180184e+02 0.000000 0 0.000000 1 
159 0.847853 -5.837455e-02 0.527009 -1.600586e+03 -0.530232 -9.229279e-02 0.842814 -1.872564e+03 -0.000559 -9.940196e-01 -0.109202 1.180143e+02 0.000000 0 0.000000 1 
160 0.847823 -5.392125e-02 0.527531 -1.600073e+03 -0.530268 -9.287873e-02 0.842727 -1.871793e+03 0.003556 -9.942165e-01 -0.107337 1.180104e+02 0.000000 0 0.000000 1 
161 0.847769 -5.150870e-02 0.527859 -1.599557e+03 -0.530346 -9.119472e-02 0.842862 -1.871025e+03 0.004724 -9.945003e-01 -0.104629 1.180029e+02 0.000000 0 0.000000 1 
162 0.847625 -5.198162e-02 0.528044 -1.599034e+03 -0.530582 -9.030817e-02 0.842809 -1.870257e+03 0.003876 -9.945566e-01 -0.104127 1.180002e+02 0.000000 0 0.000000 1 
163 0.847517 -5.159853e-02 0.528255 -1.598514e+03 -0.530747 -9.150569e-02 0.842576 -1.869484e+03 0.004863 -9.944671e-01 -0.104938 1.179977e+02 0.000000 0 0.000000 1 
164 0.847635 -5.201680e-02 0.528024 -1.597991e+03 -0.530571 -8.902027e-02 0.842953 -1.868717e+03 0.003157 -9.946709e-01 -0.103055 1.180001e+02 0.000000 0 0.000000 1 
165 0.847995 -5.357145e-02 0.527291 -1.597466e+03 -0.530006 -8.599294e-02 0.843622 -1.867950e+03 0.000150 -9.948547e-01 -0.101314 1.179990e+02 0.000000 0 0.000000 1 
166 0.847987 -5.429890e-02 0.527229 -1.596941e+03 -0.530016 -8.453520e-02 0.843763 -1.867180e+03 -0.001246 -9.949401e-01 -0.100463 1.179986e+02 0.000000 0 0.000000 1 
167 0.847335 -5.446752e-02 0.528259 -1.596416e+03 -0.531059 -8.763623e-02 0.842790 -1.866403e+03 0.000390 -9.946626e-01 -0.103182 1.179975e+02 0.000000 0 0.000000 1 
168 0.845874 -5.426562e-02 0.530616 -1.595889e+03 -0.533377 -9.112632e-02 0.840955 -1.865626e+03 0.002718 -9.943599e-01 -0.106025 1.179950e+02 0.000000 0 0.000000 1 
169 0.844476 -5.442662e-02 0.532821 -1.595361e+03 -0.535574 -9.444069e-02 0.839191 -1.864850e+03 0.004646 -9.940418e-01 -0.108902 1.179903e+02 0.000000 0 0.000000 1 
170 0.843291 -5.282100e-02 0.534856 -1.594832e+03 -0.537423 -9.431621e-02 0.838022 -1.864083e+03 0.006181 -9.941403e-01 -0.107922 1.179887e+02 0.000000 0 0.000000 1 
171 0.841989 -5.184631e-02 0.536999 -1.594302e+03 -0.539452 -9.363561e-02 0.836794 -1.863318e+03 0.006898 -9.942559e-01 -0.106808 1.179841e+02 0.000000 0 0.000000 1 
172 0.840674 -5.091450e-02 0.539143 -1.593770e+03 -0.541495 -9.214999e-02 0.835638 -1.862557e+03 0.007136 -9.944428e-01 -0.105037 1.179801e+02 0.000000 0 0.000000 1 
173 0.839407 -4.958267e-02 0.541238 -1.593239e+03 -0.543440 -9.193768e-02 0.834398 -1.861796e+03 0.008389 -9.945298e-01 -0.104117 1.179795e+02 0.000000 0 0.000000 1 
174 0.838182 -5.071024e-02 0.543028 -1.592703e+03 -0.545339 -9.167390e-02 0.833187 -1.861037e+03 0.007531 -9.944973e-01 -0.104493 1.179764e+02 0.000000 0 0.000000 1 
175 0.837297 -5.151247e-02 0.544316 -1.592169e+03 -0.546700 -9.216241e-02 0.832241 -1.860278e+03 0.007295 -9.944109e-01 -0.105328 1.179753e+02 0.000000 0 0.000000 1 
176 0.836301 -5.276939e-02 0.545726 -1.591633e+03 -0.548233 -9.240600e-02 0.831205 -1.859525e+03 0.006567 -9.943224e-01 -0.106208 1.179741e+02 0.000000 0 0.000000 1 
177 0.835420 -5.363378e-02 0.546989 -1.591098e+03 -0.549578 -9.272869e-02 0.830281 -1.858774e+03 0.006191 -9.942461e-01 -0.106943 1.179705e+02 0.000000 0 0.000000 1 
178 0.834596 -5.427761e-02 0.548182 -1.590563e+03 -0.550829 -9.328648e-02 0.829388 -1.858026e+03 0.006121 -9.941590e-01 -0.107753 1.179670e+02 0.000000 0 0.000000 1 
179 0.833668 -5.371404e-02 0.549648 -1.590030e+03 -0.552230 -9.248592e-02 0.828546 -1.857282e+03 0.006330 -9.942644e-01 -0.106764 1.179654e+02 0.000000 0 0.000000 1 
180 0.832787 -5.182862e-02 0.551162 -1.589502e+03 -0.553559 -8.915431e-02 0.828024 -1.856545e+03 0.006223 -9.946687e-01 -0.102936 1.179679e+02 0.000000 0 0.000000 1 
181 0.831918 -5.037456e-02 0.552608 -1.588972e+03 -0.554875 -8.486025e-02 0.827594 -1.855815e+03 0.005205 -9.951189e-01 -0.098548 1.179719e+02 0.000000 0 0.000000 1 
182 0.831018 -5.081195e-02 0.553921 -1.588441e+03 -0.556228 -8.409970e-02 0.826763 -1.855083e+03 0.004575 -9.951612e-01 -0.098151 1.179715e+02 0.000000 0 0.000000 1 
183 0.830188 -5.256002e-02 0.555000 -1.587908e+03 -0.557466 -8.629041e-02 0.825703 -1.854349e+03 0.004493 -9.948828e-01 -0.100937 1.179732e+02 0.000000 0 0.000000 1 
184 0.829428 -5.471362e-02 0.555928 -1.587379e+03 -0.558601 -8.807197e-02 0.824747 -1.853621e+03 0.003837 -9.946106e-01 -0.103612 1.179756e+02 0.000000 0 0.000000 1 
185 0.828586 -5.451415e-02 0.557202 -1.586851e+03 -0.559857 -8.534178e-02 0.824183 -1.852902e+03 0.002623 -9.948595e-01 -0.101232 1.179795e+02 0.000000 0 0.000000 1 
186 0.827749 -5.411259e-02 0.558483 -1.586325e+03 -0.561095 -8.349123e-02 0.823530 -1.852186e+03 0.002065 -9.950384e-01 -0.099471 1.179801e+02 0.000000 0 0.000000 1 
187 0.826895 -5.447296e-02 0.559712 -1.585796e+03 -0.562355 -8.284008e-02 0.822736 -1.851470e+03 0.001550 -9.950732e-01 -0.099132 1.179822e+02 0.000000 0 0.000000 1 
188 0.826158 -5.772868e-02 0.560474 -1.585265e+03 -0.563439 -8.433688e-02 0.821841 -1.850753e+03 -0.000175 -9.947639e-01 -0.102201 1.179828e+02 0.000000 0 0.000000 1 
189 0.825342 -6.234964e-02 0.561181 -1.584729e+03 -0.564621 -8.421415e-02 0.821043 -1.850043e+03 -0.003932 -9.944953e-01 -0.104709 1.179837e+02 0.000000 0 0.000000 1 
190 0.824732 -6.303458e-02 0.562000 -1.584199e+03 -0.565502 -8.322222e-02 0.820537 -1.849338e+03 -0.004951 -9.945357e-01 -0.104281 1.179864e+02 0.000000 0 0.000000 1 
191 0.823969 -6.261837e-02 0.563165 -1.583673e+03 -0.566602 -8.025926e-02 0.820073 -1.848637e+03 -0.006152 -9.948054e-01 -0.101610 1.179895e+02 0.000000 0 0.000000 1 
192 0.823346 -6.204944e-02 0.564139 -1.583145e+03 -0.567485 -7.606458e-02 0.819863 -1.847942e+03 -0.007961 -9.951706e-01 -0.097839 1.179923e+02 0.000000 0 0.000000 1 
193 0.822515 -6.190745e-02 0.565365 -1.582620e+03 -0.568669 -7.323691e-02 0.819300 -1.847247e+03 -0.009315 -9.953915e-01 -0.095442 1.179962e+02 0.000000 0 0.000000 1 
194 0.821889 -5.884603e-02 0.566601 -1.582102e+03 -0.569604 -7.246522e-02 0.818718 -1.846550e+03 -0.007119 -9.956337e-01 -0.093077 1.180038e+02 0.000000 0 0.000000 1 
195 0.821248 -5.725136e-02 0.567692 -1.581584e+03 -0.570540 -7.189610e-02 0.818117 -1.845854e+03 -0.006023 -9.957679e-01 -0.091708 1.180122e+02 0.000000 0 0.000000 1 
196 0.820875 -5.555641e-02 0.568400 -1.581065e+03 -0.571085 -7.072451e-02 0.817839 -1.845164e+03 -0.005236 -9.959478e-01 -0.089783 1.180193e+02 0.000000 0 0.000000 1 
197 0.820375 -5.468956e-02 0.569205 -1.580547e+03 -0.571815 -7.205886e-02 0.817212 -1.844470e+03 -0.003676 -9.959001e-01 -0.090387 1.180288e+02 0.000000 0 0.000000 1 
198 0.819926 -5.605519e-02 0.569720 -1.580026e+03 -0.572459 -7.377946e-02 0.816607 -1.843778e+03 -0.003741 -9.956982e-01 -0.092582 1.180344e+02 0.000000 0 0.000000 1 
199 0.819915 -6.033682e-02 0.569297 -1.579502e+03 -0.572463 -7.744768e-02 0.816265 -1.843086e+03 -0.005160 -9.951692e-01 -0.098040 1.180382e+02 0.000000 0 0.000000 1 
200 0.820185 -6.329307e-02 0.568587 -1.578983e+03 -0.572052 -7.794313e-02 0.816505 -1.842401e+03 -0.007361 -9.949469e-01 -0.100134 1.180442e+02 0.000000 0 0.000000 1 
201 0.820801 -6.223817e-02 0.567815 -1.578470e+03 -0.571157 -7.512385e-02 0.817396 -1.841719e+03 -0.008216 -9.952303e-01 -0.097209 1.180509e+02 0.000000 0 0.000000 1 
202 0.821615 -6.217745e-02 0.566643 -1.577956e+03 -0.569914 -6.837282e-02 0.818855 -1.841043e+03 -0.012171 -9.957206e-01 -0.091611 1.180574e+02 0.000000 0 0.000000 1 
203 0.822714 -6.218057e-02 0.565045 -1.577438e+03 -0.568201 -6.012335e-02 0.820691 -1.840364e+03 -0.017058 -9.962526e-01 -0.084795 1.180700e+02 0.000000 0 0.000000 1 
204 0.823587 -6.568982e-02 0.563374 -1.576916e+03 -0.566720 -5.485256e-02 0.822082 -1.839681e+03 -0.023100 -9.963315e-01 -0.082403 1.180817e+02 0.000000 0 0.000000 1 
205 0.824766 -6.746180e-02 0.561436 -1.576397e+03 -0.564990 -5.720764e-02 0.823112 -1.838981e+03 -0.023410 -9.960806e-01 -0.085297 1.180897e+02 0.000000 0 0.000000 1 
206 0.825861 -7.371352e-02 0.559036 -1.575873e+03 -0.563448 -6.928581e-02 0.823241 -1.838262e+03 -0.021950 -9.948700e-01 -0.098753 1.180850e+02 0.000000 0 0.000000 1 
207 0.826844 -8.465087e-02 0.556025 -1.575338e+03 -0.561877 -8.039160e-02 0.823305 -1.837539e+03 -0.024993 -9.931626e-01 -0.114034 1.180761e+02 0.000000 0 0.000000 1 
208 0.827971 -8.820766e-02 0.553791 -1.574809e+03 -0.560275 -8.851626e-02 0.823564 -1.836816e+03 -0.023625 -9.921617e-01 -0.122709 1.180626e+02 0.000000 0 0.000000 1 
209 0.828602 -8.393949e-02 0.553510 -1.574294e+03 -0.559498 -8.969953e-02 0.823963 -1.836093e+03 -0.019513 -9.924256e-01 -0.121288 1.180468e+02 0.000000 0 0.000000 1 
210 0.829001 -7.640553e-02 0.554004 -1.573779e+03 -0.559035 -8.584872e-02 0.824688 -1.835373e+03 -0.015450 -9.933744e-01 -0.113881 1.180313e+02 0.000000 0 0.000000 1 
211 0.829200 -7.047332e-02 0.554493 -1.573257e+03 -0.558801 -8.134565e-02 0.825303 -1.834649e+03 -0.013056 -9.941916e-01 -0.106832 1.180215e+02 0.000000 0 0.000000 1 
212 0.829360 -6.689909e-02 0.554696 -1.572726e+03 -0.558571 -7.674868e-02 0.825898 -1.833918e+03 -0.012679 -9.948038e-01 -0.101019 1.180168e+02 0.000000 0 0.000000 1 
213 0.829778 -6.423225e-02 0.554386 -1.572187e+03 -0.557978 -7.514219e-02 0.826447 -1.833176e+03 -0.011426 -9.951022e-01 -0.098191 1.180136e+02 0.000000 0 0.000000 1 
214 0.829953 -6.470714e-02 0.554069 -1.571643e+03 -0.557732 -7.717704e-02 0.826425 -1.832422e+03 -0.010714 -9.949157e-01 -0.100142 1.180096e+02 0.000000 0 0.000000 1 
215 0.830132 -6.924317e-02 0.553251 -1.571088e+03 -0.557476 -8.513684e-02 0.825816 -1.831653e+03 -0.010080 -9.939605e-01 -0.109275 1.179967e+02 0.000000 0 0.000000 1 
216 0.829961 -7.304731e-02 0.553019 -1.570529e+03 -0.557739 -9.151854e-02 0.824955 -1.830881e+03 -0.009649 -9.931208e-01 -0.116697 1.179839e+02 0.000000 0 0.000000 1 
217 0.829740 -7.313200e-02 0.553339 -1.569970e+03 -0.558053 -9.014199e-02 0.824894 -1.830114e+03 -0.010447 -9.932405e-01 -0.115605 1.179746e+02 0.000000 0 0.000000 1 
218 0.829393 -6.490360e-02 0.554884 -1.569418e+03 -0.558565 -7.734189e-02 0.825847 -1.829358e+03 -0.010684 -9.948901e-01 -0.100399 1.179778e+02 0.000000 0 0.000000 1 
219 0.828625 -5.690521e-02 0.556905 -1.568856e+03 -0.559692 -6.418701e-02 0.826211 -1.828598e+03 -0.011269 -9.963144e-01 -0.085036 1.179799e+02 0.000000 0 0.000000 1 
220 0.827289 -5.477388e-02 0.559100 -1.568278e+03 -0.561609 -5.628806e-02 0.825486 -1.827821e+03 -0.013744 -9.969112e-01 -0.077327 1.179935e+02 0.000000 0 0.000000 1 
221 0.826132 -5.611089e-02 0.560677 -1.567687e+03 -0.563319 -5.860006e-02 0.824159 -1.827023e+03 -0.013388 -9.967036e-01 -0.080019 1.180076e+02 0.000000 0 0.000000 1 
222 0.824734 -5.741903e-02 0.562599 -1.567091e+03 -0.565386 -6.191596e-02 0.822499 -1.826215e+03 -0.012393 -9.964286e-01 -0.083527 1.180202e+02 0.000000 0 0.000000 1 
223 0.823428 -6.083721e-02 0.564151 -1.566482e+03 -0.567270 -6.526474e-02 0.820942 -1.825402e+03 -0.013124 -9.960120e-01 -0.088251 1.180269e+02 0.000000 0 0.000000 1 
224 0.822134 -6.384918e-02 0.565703 -1.565867e+03 -0.569098 -6.601816e-02 0.819615 -1.824590e+03 -0.014985 -9.957737e-01 -0.090611 1.180356e+02 0.000000 0 0.000000 1 
225 0.821032 -6.437880e-02 0.567242 -1.565250e+03 -0.570684 -6.628663e-02 0.818490 -1.823774e+03 -0.015093 -9.957218e-01 -0.091163 1.180442e+02 0.000000 0 0.000000 1 
226 0.820123 -6.483699e-02 0.568503 -1.564631e+03 -0.571950 -6.419581e-02 0.817773 -1.822959e+03 -0.016526 -9.958291e-01 -0.089731 1.180523e+02 0.000000 0 0.000000 1 
227 0.819436 -6.646591e-02 0.569305 -1.564005e+03 -0.572887 -6.366049e-02 0.817159 -1.822143e+03 -0.018071 -9.957560e-01 -0.090242 1.180576e+02 0.000000 0 0.000000 1 
228 0.818600 -6.962552e-02 0.570129 -1.563373e+03 -0.574023 -6.488704e-02 0.816264 -1.821321e+03 -0.019839 -9.954609e-01 -0.093082 1.180628e+02 0.000000 0 0.000000 1 
229 0.817971 -7.112073e-02 0.570847 -1.562742e+03 -0.574911 -6.651073e-02 0.815508 -1.820494e+03 -0.020032 -9.952480e-01 -0.095291 1.180705e+02 0.000000 0 0.000000 1 
230 0.817387 -6.889582e-02 0.571955 -1.562117e+03 -0.575765 -6.434442e-02 0.815079 -1.819671e+03 -0.019353 -9.955469e-01 -0.092261 1.180811e+02 0.000000 0 0.000000 1 
231 0.816915 -6.593981e-02 0.572977 -1.561490e+03 -0.576392 -5.788011e-02 0.815121 -1.818854e+03 -0.020585 -9.961437e-01 -0.085289 1.180939e+02 0.000000 0 0.000000 1 
232 0.816774 -6.397165e-02 0.573401 -1.560860e+03 -0.576607 -5.580273e-02 0.815114 -1.818029e+03 -0.020147 -9.963906e-01 -0.082464 1.181039e+02 0.000000 0 0.000000 1 
233 0.816698 -6.464836e-02 0.573434 -1.560229e+03 -0.576723 -5.714829e-02 0.814939 -1.817197e+03 -0.019913 -9.962706e-01 -0.083956 1.181198e+02 0.000000 0 0.000000 1 
234 0.816924 -6.679476e-02 0.572866 -1.559592e+03 -0.576381 -5.919054e-02 0.815034 -1.816363e+03 -0.020531 -9.960097e-01 -0.086853 1.181329e+02 0.000000 0 0.000000 1 
235 0.817286 -6.861157e-02 0.572133 -1.558955e+03 -0.575864 -6.175081e-02 0.815210 -1.815526e+03 -0.020603 -9.957308e-01 -0.089978 1.181442e+02 0.000000 0 0.000000 1 
236 0.817603 -6.945477e-02 0.571579 -1.558322e+03 -0.575434 -6.397184e-02 0.815343 -1.814688e+03 -0.020064 -9.955321e-01 -0.092269 1.181552e+02 0.000000 0 0.000000 1 
237 0.817915 -6.940449e-02 0.571138 -1.557688e+03 -0.574974 -6.321573e-02 0.815726 -1.813852e+03 -0.020510 -9.955839e-01 -0.091610 1.181631e+02 0.000000 0 0.000000 1 
238 0.818287 -6.816852e-02 0.570754 -1.557056e+03 -0.574448 -6.171585e-02 0.816211 -1.813015e+03 -0.020415 -9.957634e-01 -0.089660 1.181741e+02 0.000000 0 0.000000 1 
239 0.818539 -6.880626e-02 0.570316 -1.556421e+03 -0.574065 -6.153435e-02 0.816494 -1.812175e+03 -0.021086 -9.957307e-01 -0.089867 1.181819e+02 0.000000 0 0.000000 1 
240 0.818941 -6.953991e-02 0.569650 -1.555784e+03 -0.573498 -6.303204e-02 0.816778 -1.811331e+03 -0.020892 -9.955861e-01 -0.091500 1.181920e+02 0.000000 0 0.000000 1 
